
pid[215947] 2020-04-29 16:05:31.409 INFO: searching reverse primers
pid[215947] 2020-04-29 16:05:43.245 INFO: fwd and rev primers found
pid[215947] 2020-04-29 16:05:43.418 INFO: filtering to best aligned fragments
pid[215947] 2020-04-29 16:05:44.203 INFO: Cleaned out 5 of 189986
pid[215947] 2020-04-29 16:05:44.216 INFO: finding best primer match for each read
pid[215947] 2020-04-29 16:05:45.130 INFO: 21302/98774 reads with fwd and rev primer
pid[215947] 2020-04-29 16:05:45.131 INFO: 33071/98774 reads with only fwd primer found
pid[215947] 2020-04-29 16:05:45.131 INFO: 24884/98774 reads with only rev primer found
pid[215947] 2020-04-29 16:05:45.131 INFO: 19517/98774 reads with no primer matches
pid[215947] 2020-04-29 16:05:54.896 INFO: Reference sequences found 114894
pid[217417] 2020-04-29 17:07:14.910 INFO: Running the pipeline
pid[217417] 2020-04-29 17:07:14.910 INFO: config_file = 
pid[217417] 2020-04-29 17:07:14.911 INFO: primer_file = primers.csv
pid[217417] 2020-04-29 17:07:14.911 INFO: pseudo_fs   = 500-1200
pid[217417] 2020-04-29 17:07:14.911 INFO: prfg_config = -k5 -w1 --score-N 0 -s 20 -P
pid[217417] 2020-04-29 17:07:14.911 INFO: db_file     = pseudodb.csv.gz
pid[217417] 2020-04-29 17:07:14.911 INFO: N fastq     = 0
pid[217417] 2020-04-29 17:07:14.911 INFO: frag_folder = ./frags/
pid[217417] 2020-04-29 17:07:14.911 INFO: fgs_config  = -k10 -w1
pid[217417] 2020-04-29 17:07:14.911 INFO: msa_folder  = ./msa/
pid[217417] 2020-04-29 17:07:14.911 INFO: msa_config  = -n -15 -g -10 -l 0 -r 2
pid[217417] 2020-04-29 17:07:14.911 INFO: cons_file        = consensus.csv.gz
pid[217417] 2020-04-29 17:07:14.911 INFO: fpmr_config      = -k5 -w1 --score-N 0 -s 20 -P
pid[217417] 2020-04-29 17:07:14.911 INFO: pmatch_file      = pmatch.csv.gz
pid[217417] 2020-04-29 17:07:14.911 INFO: cin_file         = pseudo_ref.csv.gz
pid[217417] 2020-04-29 17:07:14.911 INFO: cout_file        = prf_clst.csv.gz
pid[217417] 2020-04-29 17:07:14.911 INFO: clst_folder      = ./clusters/
pid[217417] 2020-04-29 17:07:14.911 INFO: clst_pw_config   = -k15 -w10 -p 0.8 -D
pid[217417] 2020-04-29 17:07:14.911 INFO: clst_N      = 2000
pid[217417] 2020-04-29 17:07:14.911 INFO: clst_th_s   = 0.9
pid[217417] 2020-04-29 17:07:14.911 INFO: clst_th_m   = 0.9
pid[217417] 2020-04-29 17:07:14.911 INFO: clst_min_k  = 5
pid[217417] 2020-04-29 17:07:14.911 INFO: clst_N_iter = 10
pid[217417] 2020-04-29 17:07:14.911 INFO: workspace        = ./workspace/
pid[217417] 2020-04-29 17:07:14.911 INFO: Run Pseudoref generator = False
pid[217417] 2020-04-29 17:07:14.911 INFO: Run Fragment Search     = False
pid[217417] 2020-04-29 17:07:14.911 INFO: Run Multi-Seq Alignment = False
pid[217417] 2020-04-29 17:07:14.911 INFO: Run Consensus           = False
pid[217417] 2020-04-29 17:07:14.912 INFO: Run primer match        = False
pid[217417] 2020-04-29 17:07:14.912 INFO: Run trim primers        = False
pid[217417] 2020-04-29 17:07:14.912 INFO: Run clustering          = False
pid[217417] 2020-04-29 17:07:14.912 INFO: low_mem                 = False
pid[217427] 2020-04-29 17:07:23.205 INFO: Running the pipeline
pid[217427] 2020-04-29 17:07:23.205 INFO: config_file = 
pid[217427] 2020-04-29 17:07:23.205 INFO: primer_file = primers.csv
pid[217427] 2020-04-29 17:07:23.205 INFO: pseudo_fs   = 500-1200
pid[217427] 2020-04-29 17:07:23.205 INFO: prfg_config = -k5 -w1 --score-N 0 -s 20 -P
pid[217427] 2020-04-29 17:07:23.205 INFO: db_file     = pseudodb.csv.gz
pid[217427] 2020-04-29 17:07:23.205 INFO: N fastq     = 0
pid[217427] 2020-04-29 17:07:23.205 INFO: frag_folder = ./frags/
pid[217427] 2020-04-29 17:07:23.205 INFO: fgs_config  = -k10 -w1
pid[217427] 2020-04-29 17:07:23.205 INFO: msa_folder  = ./msa/
pid[217427] 2020-04-29 17:07:23.205 INFO: msa_config  = -n -15 -g -10 -l 0 -r 2
pid[217427] 2020-04-29 17:07:23.205 INFO: cons_file        = consensus.csv.gz
pid[217427] 2020-04-29 17:07:23.205 INFO: fpmr_config      = -k5 -w1 --score-N 0 -s 20 -P
pid[217427] 2020-04-29 17:07:23.205 INFO: pmatch_file      = pmatch.csv.gz
pid[217427] 2020-04-29 17:07:23.205 INFO: cin_file         = pseudo_ref.csv.gz
pid[217427] 2020-04-29 17:07:23.205 INFO: cout_file        = prf_clst.csv.gz
pid[217427] 2020-04-29 17:07:23.205 INFO: clst_folder      = ./clusters/
pid[217427] 2020-04-29 17:07:23.206 INFO: clst_pw_config   = -k15 -w10 -p 0.8 -D
pid[217427] 2020-04-29 17:07:23.206 INFO: clst_N      = 2000
pid[217427] 2020-04-29 17:07:23.206 INFO: clst_th_s   = 0.9
pid[217427] 2020-04-29 17:07:23.206 INFO: clst_th_m   = 0.9
pid[217427] 2020-04-29 17:07:23.206 INFO: clst_min_k  = 5
pid[217427] 2020-04-29 17:07:23.206 INFO: clst_N_iter = 10
pid[217427] 2020-04-29 17:07:23.206 INFO: workspace        = ./workspace/
pid[217427] 2020-04-29 17:07:23.206 INFO: Run Pseudoref generator = False
pid[217427] 2020-04-29 17:07:23.206 INFO: Run Fragment Search     = False
pid[217427] 2020-04-29 17:07:23.206 INFO: Run Multi-Seq Alignment = False
pid[217427] 2020-04-29 17:07:23.206 INFO: Run Consensus           = False
pid[217427] 2020-04-29 17:07:23.206 INFO: Run primer match        = False
pid[217427] 2020-04-29 17:07:23.206 INFO: Run trim primers        = False
pid[217427] 2020-04-29 17:07:23.206 INFO: Run clustering          = True
pid[217427] 2020-04-29 17:07:23.206 INFO: low_mem                 = False
pid[217427] 2020-04-29 17:07:23.206 INFO: Loading cin_file: pseudo_ref.csv.gz
pid[217427] 2020-04-29 17:07:23.302 INFO: cluster_sample: qlen=5601 progress=0/20
pid[217427] 2020-04-29 17:07:23.303 INFO: Making directory ./clusters/
pid[217427] 2020-04-29 17:07:23.378 INFO: cluster_sample: qlen=5601 progress=1/20
pid[217427] 2020-04-29 17:07:23.543 INFO: cluster_sample: qlen=5453 progress=2/20
pid[217427] 2020-04-29 17:07:24.119 INFO: cluster_sample: qlen=4543 progress=3/20
pid[217427] 2020-04-29 17:07:24.537 INFO: cluster_sample: qlen=4188 progress=4/20
pid[217427] 2020-04-29 17:07:24.663 INFO: cluster_sample: qlen=4045 progress=5/20
pid[217427] 2020-04-29 17:07:25.051 INFO: cluster_sample: qlen=3505 progress=6/20
pid[217427] 2020-04-29 17:07:25.323 INFO: cluster_sample: qlen=2911 progress=7/20
pid[217427] 2020-04-29 17:07:25.517 INFO: cluster_sample: qlen=2389 progress=8/20
pid[217427] 2020-04-29 17:07:25.712 INFO: cluster_sample: qlen=2112 progress=9/20
pid[217427] 2020-04-29 17:07:25.815 INFO: cluster_sample: qlen=1792 progress=10/20
pid[217427] 2020-04-29 17:07:25.862 INFO: cluster_sample: qlen=1783 progress=11/20
pid[217427] 2020-04-29 17:07:25.964 INFO: cluster_sample: qlen=1509 progress=12/20
pid[217427] 2020-04-29 17:07:26.081 INFO: cluster_sample: qlen=1266 progress=13/20
pid[217427] 2020-04-29 17:07:26.187 INFO: cluster_sample: qlen=1214 progress=14/20
pid[217427] 2020-04-29 17:07:26.233 INFO: cluster_sample: qlen=1162 progress=15/20
pid[217427] 2020-04-29 17:07:26.301 INFO: cluster_sample: qlen=968 progress=16/20
pid[217427] 2020-04-29 17:07:26.375 INFO: cluster_sample: qlen=899 progress=17/20
pid[217427] 2020-04-29 17:07:26.425 INFO: cluster_sample: qlen=892 progress=18/20
pid[217427] 2020-04-29 17:07:26.465 INFO: cluster_sample: qlen=881 progress=19/20
pid[217848] 2020-04-29 17:08:06.168 INFO: Running the pipeline
pid[217848] 2020-04-29 17:08:06.169 INFO: config_file = 
pid[217848] 2020-04-29 17:08:06.169 INFO: primer_file = primers.csv
pid[217848] 2020-04-29 17:08:06.169 INFO: pseudo_fs   = 500-1200
pid[217848] 2020-04-29 17:08:06.169 INFO: prfg_config = -k5 -w1 --score-N 0 -s 20 -P
pid[217848] 2020-04-29 17:08:06.169 INFO: db_file     = pseudodb.csv.gz
pid[217848] 2020-04-29 17:08:06.169 INFO: N fastq     = 0
pid[217848] 2020-04-29 17:08:06.169 INFO: frag_folder = ./frags/
pid[217848] 2020-04-29 17:08:06.169 INFO: fgs_config  = -k10 -w1
pid[217848] 2020-04-29 17:08:06.169 INFO: msa_folder  = ./msa/
pid[217848] 2020-04-29 17:08:06.169 INFO: msa_config  = -n -15 -g -10 -l 0 -r 2
pid[217848] 2020-04-29 17:08:06.169 INFO: cons_file        = consensus.csv.gz
pid[217848] 2020-04-29 17:08:06.169 INFO: fpmr_config      = -k5 -w1 --score-N 0 -s 20 -P
pid[217848] 2020-04-29 17:08:06.169 INFO: pmatch_file      = pmatch.csv.gz
pid[217848] 2020-04-29 17:08:06.169 INFO: cin_file         = pseudo_ref.csv.gz
pid[217848] 2020-04-29 17:08:06.169 INFO: cout_file        = prf_clst.csv.gz
pid[217848] 2020-04-29 17:08:06.169 INFO: clst_folder      = ./clusters/
pid[217848] 2020-04-29 17:08:06.169 INFO: clst_pw_config   = -k15 -w10 -p 0.8 -D
pid[217848] 2020-04-29 17:08:06.169 INFO: clst_N      = 2000
pid[217848] 2020-04-29 17:08:06.169 INFO: clst_th_s   = 0.9
pid[217848] 2020-04-29 17:08:06.169 INFO: clst_th_m   = 0.9
pid[217848] 2020-04-29 17:08:06.169 INFO: clst_min_k  = 5
pid[217848] 2020-04-29 17:08:06.169 INFO: clst_N_iter = 10
pid[217848] 2020-04-29 17:08:06.169 INFO: workspace        = ./workspace/
pid[217848] 2020-04-29 17:08:06.169 INFO: Run Pseudoref generator = False
pid[217848] 2020-04-29 17:08:06.169 INFO: Run Fragment Search     = False
pid[217848] 2020-04-29 17:08:06.169 INFO: Run Multi-Seq Alignment = False
pid[217848] 2020-04-29 17:08:06.170 INFO: Run Consensus           = False
pid[217848] 2020-04-29 17:08:06.170 INFO: Run primer match        = False
pid[217848] 2020-04-29 17:08:06.170 INFO: Run trim primers        = False
pid[217848] 2020-04-29 17:08:06.170 INFO: Run clustering          = False
pid[217848] 2020-04-29 17:08:06.170 INFO: low_mem                 = False
pid[217856] 2020-04-29 17:08:08.948 INFO: Running the pipeline
pid[217856] 2020-04-29 17:08:08.948 INFO: config_file = 
pid[217856] 2020-04-29 17:08:08.948 INFO: primer_file = primers.csv
pid[217856] 2020-04-29 17:08:08.948 INFO: pseudo_fs   = 500-1200
pid[217856] 2020-04-29 17:08:08.948 INFO: prfg_config = -k5 -w1 --score-N 0 -s 20 -P
pid[217856] 2020-04-29 17:08:08.948 INFO: db_file     = pseudodb.csv.gz
pid[217856] 2020-04-29 17:08:08.948 INFO: N fastq     = 0
pid[217856] 2020-04-29 17:08:08.948 INFO: frag_folder = ./frags/
pid[217856] 2020-04-29 17:08:08.948 INFO: fgs_config  = -k10 -w1
pid[217856] 2020-04-29 17:08:08.948 INFO: msa_folder  = ./msa/
pid[217856] 2020-04-29 17:08:08.948 INFO: msa_config  = -n -15 -g -10 -l 0 -r 2
pid[217856] 2020-04-29 17:08:08.948 INFO: cons_file        = consensus.csv.gz
pid[217856] 2020-04-29 17:08:08.948 INFO: fpmr_config      = -k5 -w1 --score-N 0 -s 20 -P
pid[217856] 2020-04-29 17:08:08.948 INFO: pmatch_file      = pmatch.csv.gz
pid[217856] 2020-04-29 17:08:08.948 INFO: cin_file         = pseudo_ref.csv.gz
pid[217856] 2020-04-29 17:08:08.948 INFO: cout_file        = prf_clst.csv.gz
pid[217856] 2020-04-29 17:08:08.948 INFO: clst_folder      = ./clusters/
pid[217856] 2020-04-29 17:08:08.948 INFO: clst_pw_config   = -k15 -w10 -p 0.8 -D
pid[217856] 2020-04-29 17:08:08.949 INFO: clst_N      = 2000
pid[217856] 2020-04-29 17:08:08.949 INFO: clst_th_s   = 0.9
pid[217856] 2020-04-29 17:08:08.949 INFO: clst_th_m   = 0.9
pid[217856] 2020-04-29 17:08:08.949 INFO: clst_min_k  = 5
pid[217856] 2020-04-29 17:08:08.949 INFO: clst_N_iter = 10
pid[217856] 2020-04-29 17:08:08.949 INFO: workspace        = ./workspace/
pid[217856] 2020-04-29 17:08:08.949 INFO: Run Pseudoref generator = False
pid[217856] 2020-04-29 17:08:08.949 INFO: Run Fragment Search     = False
pid[217856] 2020-04-29 17:08:08.949 INFO: Run Multi-Seq Alignment = False
pid[217856] 2020-04-29 17:08:08.949 INFO: Run Consensus           = False
pid[217856] 2020-04-29 17:08:08.949 INFO: Run primer match        = False
pid[217856] 2020-04-29 17:08:08.949 INFO: Run trim primers        = False
pid[217856] 2020-04-29 17:08:08.949 INFO: Run clustering          = True
pid[217856] 2020-04-29 17:08:08.949 INFO: low_mem                 = False
pid[217856] 2020-04-29 17:08:08.949 INFO: Loading cin_file: pseudo_ref.csv.gz
pid[217856] 2020-04-29 17:08:09.045 INFO: cluster_sample: qlen=5601 progress=0/20
pid[217856] 2020-04-29 17:08:09.119 INFO: cluster_sample: qlen=5601 progress=1/20
pid[217856] 2020-04-29 17:08:09.266 INFO: cluster_sample: qlen=5027 progress=2/20
pid[217856] 2020-04-29 17:08:09.388 INFO: cluster_sample: qlen=4971 progress=3/20
pid[217856] 2020-04-29 17:08:09.805 INFO: cluster_sample: qlen=4454 progress=4/20
pid[217856] 2020-04-29 17:08:10.061 INFO: cluster_sample: qlen=3860 progress=5/20
pid[217856] 2020-04-29 17:08:10.461 INFO: cluster_sample: qlen=3543 progress=6/20
pid[217856] 2020-04-29 17:08:10.741 INFO: cluster_sample: qlen=3357 progress=7/20
pid[217856] 2020-04-29 17:08:10.933 INFO: cluster_sample: qlen=3188 progress=8/20
pid[217856] 2020-04-29 17:08:11.186 INFO: cluster_sample: qlen=2839 progress=9/20
pid[217856] 2020-04-29 17:08:11.290 INFO: cluster_sample: qlen=2514 progress=10/20
pid[217856] 2020-04-29 17:08:11.380 INFO: cluster_sample: qlen=2131 progress=11/20
pid[217856] 2020-04-29 17:08:11.483 INFO: cluster_sample: qlen=2023 progress=12/20
pid[217856] 2020-04-29 17:08:11.530 INFO: cluster_sample: qlen=2022 progress=13/20
pid[217856] 2020-04-29 17:08:11.630 INFO: cluster_sample: qlen=1568 progress=14/20
pid[217856] 2020-04-29 17:08:11.679 INFO: cluster_sample: qlen=1447 progress=15/20
pid[217856] 2020-04-29 17:08:11.732 INFO: cluster_sample: qlen=1445 progress=16/20
pid[217856] 2020-04-29 17:08:11.836 INFO: cluster_sample: qlen=1207 progress=17/20
pid[217856] 2020-04-29 17:08:11.873 INFO: cluster_sample: qlen=1204 progress=18/20
pid[217856] 2020-04-29 17:08:11.927 INFO: cluster_sample: qlen=1201 progress=19/20
pid[218349] 2020-04-29 17:11:29.240 INFO: Running the pipeline
pid[218349] 2020-04-29 17:11:29.240 INFO: config_file = 
pid[218349] 2020-04-29 17:11:29.240 INFO: primer_file = primers.csv
pid[218349] 2020-04-29 17:11:29.240 INFO: pseudo_fs   = 500-1200
pid[218349] 2020-04-29 17:11:29.240 INFO: prfg_config = -k5 -w1 --score-N 0 -s 20 -P
pid[218349] 2020-04-29 17:11:29.240 INFO: db_file     = pseudodb.csv.gz
pid[218349] 2020-04-29 17:11:29.240 INFO: N fastq     = 0
pid[218349] 2020-04-29 17:11:29.240 INFO: frag_folder = ./frags/
pid[218349] 2020-04-29 17:11:29.240 INFO: fgs_config  = -k10 -w1
pid[218349] 2020-04-29 17:11:29.240 INFO: msa_folder  = ./msa/
pid[218349] 2020-04-29 17:11:29.240 INFO: msa_config  = -n -15 -g -10 -l 0 -r 2
pid[218349] 2020-04-29 17:11:29.240 INFO: cons_file        = consensus.csv.gz
pid[218349] 2020-04-29 17:11:29.240 INFO: fpmr_config      = -k5 -w1 --score-N 0 -s 20 -P
pid[218349] 2020-04-29 17:11:29.240 INFO: pmatch_file      = pmatch.csv.gz
pid[218349] 2020-04-29 17:11:29.240 INFO: cin_file         = pseudo_ref.csv.gz
pid[218349] 2020-04-29 17:11:29.240 INFO: cout_file        = prf_clst.csv.gz
pid[218349] 2020-04-29 17:11:29.240 INFO: clst_folder      = ./clusters/
pid[218349] 2020-04-29 17:11:29.240 INFO: clst_pw_config   = -k15 -w10 -p 0.8 -D
pid[218349] 2020-04-29 17:11:29.241 INFO: clst_N      = 2000
pid[218349] 2020-04-29 17:11:29.241 INFO: clst_th_s   = 0.9
pid[218349] 2020-04-29 17:11:29.241 INFO: clst_th_m   = 0.9
pid[218349] 2020-04-29 17:11:29.241 INFO: clst_min_k  = 5
pid[218349] 2020-04-29 17:11:29.241 INFO: clst_N_iter = 10
pid[218349] 2020-04-29 17:11:29.241 INFO: workspace        = ./workspace/
pid[218349] 2020-04-29 17:11:29.241 INFO: Run Pseudoref generator = False
pid[218349] 2020-04-29 17:11:29.241 INFO: Run Fragment Search     = False
pid[218349] 2020-04-29 17:11:29.241 INFO: Run Multi-Seq Alignment = False
pid[218349] 2020-04-29 17:11:29.241 INFO: Run Consensus           = False
pid[218349] 2020-04-29 17:11:29.241 INFO: Run primer match        = False
pid[218349] 2020-04-29 17:11:29.241 INFO: Run trim primers        = False
pid[218349] 2020-04-29 17:11:29.241 INFO: Run clustering          = True
pid[218349] 2020-04-29 17:11:29.241 INFO: low_mem                 = False
pid[218349] 2020-04-29 17:11:29.241 INFO: Loading cin_file: pseudo_ref.csv.gz
pid[218349] 2020-04-29 17:11:29.337 INFO: cluster_sample: qlen=5601 progress=0/20
pid[218349] 2020-04-29 17:11:29.412 INFO: cluster_sample: qlen=5601 progress=1/20
pid[218349] 2020-04-29 17:11:29.648 INFO: cluster_sample: qlen=4995 progress=2/20
pid[218349] 2020-04-29 17:11:30.105 INFO: cluster_sample: qlen=3896 progress=3/20
pid[218349] 2020-04-29 17:11:30.260 INFO: cluster_sample: qlen=3816 progress=4/20
pid[218349] 2020-04-29 17:11:30.359 INFO: cluster_sample: qlen=3545 progress=5/20
pid[218349] 2020-04-29 17:11:30.427 INFO: cluster_sample: qlen=3540 progress=6/20
pid[218349] 2020-04-29 17:11:30.704 INFO: cluster_sample: qlen=3242 progress=7/20
pid[218349] 2020-04-29 17:11:30.973 INFO: cluster_sample: qlen=2899 progress=8/20
pid[218349] 2020-04-29 17:11:31.101 INFO: cluster_sample: qlen=2615 progress=9/20
pid[218349] 2020-04-29 17:11:31.250 INFO: cluster_sample: qlen=2296 progress=10/20
pid[218349] 2020-04-29 17:11:31.418 INFO: cluster_sample: qlen=2036 progress=11/20
pid[218349] 2020-04-29 17:11:31.583 INFO: cluster_sample: qlen=1538 progress=12/20
pid[218349] 2020-04-29 17:11:31.635 INFO: cluster_sample: qlen=1524 progress=13/20
pid[218349] 2020-04-29 17:11:31.695 INFO: cluster_sample: qlen=1450 progress=14/20
pid[218349] 2020-04-29 17:11:31.737 INFO: cluster_sample: qlen=1448 progress=15/20
pid[218349] 2020-04-29 17:11:31.831 INFO: cluster_sample: qlen=1306 progress=16/20
pid[218349] 2020-04-29 17:11:31.899 INFO: cluster_sample: qlen=1158 progress=17/20
pid[218349] 2020-04-29 17:11:31.944 INFO: cluster_sample: qlen=1143 progress=18/20
pid[218349] 2020-04-29 17:11:31.980 INFO: cluster_sample: qlen=1142 progress=19/20
pid[218349] 2020-04-29 17:11:32.027 INFO: perform_cluster: iter = 0/10
pid[218349] 2020-04-29 17:11:32.027 INFO: perform_cluster: sweeping for rare sequences
pid[218349] 2020-04-29 17:11:33.854 INFO: perform_cluster: number of clusters = 20
pid[218349] 2020-04-29 17:11:33.857 INFO: perform_cluster: match_score < 0.7376799126223377 uncovered 494/5601
pid[218349] 2020-04-29 17:11:33.861 INFO: cluster_sample: qlen=494 progress=0/100
pid[218349] 2020-04-29 17:11:33.892 INFO: cluster_sample: qlen=494 progress=1/100
pid[218349] 2020-04-29 17:11:33.920 INFO: cluster_sample: qlen=490 progress=2/100
pid[218349] 2020-04-29 17:11:33.951 INFO: cluster_sample: qlen=459 progress=3/100
pid[218349] 2020-04-29 17:11:33.987 INFO: cluster_sample: qlen=450 progress=4/100
pid[218349] 2020-04-29 17:11:34.016 INFO: cluster_sample: qlen=448 progress=5/100
pid[218349] 2020-04-29 17:11:34.052 INFO: cluster_sample: qlen=430 progress=6/100
pid[218349] 2020-04-29 17:11:34.093 INFO: cluster_sample: qlen=376 progress=7/100
pid[218349] 2020-04-29 17:11:34.124 INFO: cluster_sample: qlen=369 progress=8/100
pid[218349] 2020-04-29 17:11:34.154 INFO: cluster_sample: qlen=364 progress=9/100
pid[218349] 2020-04-29 17:11:34.184 INFO: cluster_sample: qlen=345 progress=10/100
pid[218349] 2020-04-29 17:11:34.210 INFO: cluster_sample: qlen=339 progress=11/100
pid[218349] 2020-04-29 17:11:34.238 INFO: cluster_sample: qlen=338 progress=12/100
pid[218349] 2020-04-29 17:11:34.265 INFO: cluster_sample: qlen=333 progress=13/100
pid[218349] 2020-04-29 17:11:34.293 INFO: cluster_sample: qlen=331 progress=14/100
pid[218349] 2020-04-29 17:11:34.322 INFO: cluster_sample: qlen=302 progress=15/100
pid[218349] 2020-04-29 17:11:34.348 INFO: cluster_sample: qlen=298 progress=16/100
pid[218349] 2020-04-29 17:11:34.377 INFO: cluster_sample: qlen=260 progress=17/100
pid[218349] 2020-04-29 17:11:34.405 INFO: cluster_sample: qlen=258 progress=18/100
pid[218349] 2020-04-29 17:11:34.435 INFO: cluster_sample: qlen=251 progress=19/100
pid[218349] 2020-04-29 17:11:34.461 INFO: cluster_sample: qlen=248 progress=20/100
pid[218349] 2020-04-29 17:11:34.487 INFO: cluster_sample: qlen=242 progress=21/100
pid[218349] 2020-04-29 17:11:34.513 INFO: cluster_sample: qlen=235 progress=22/100
pid[218349] 2020-04-29 17:11:34.538 INFO: cluster_sample: qlen=232 progress=23/100
pid[218349] 2020-04-29 17:11:34.568 INFO: cluster_sample: qlen=226 progress=24/100
pid[218349] 2020-04-29 17:11:34.594 INFO: cluster_sample: qlen=225 progress=25/100
pid[218349] 2020-04-29 17:11:34.620 INFO: cluster_sample: qlen=222 progress=26/100
pid[218349] 2020-04-29 17:11:34.647 INFO: cluster_sample: qlen=217 progress=27/100
pid[218349] 2020-04-29 17:11:34.672 INFO: cluster_sample: qlen=215 progress=28/100
pid[218349] 2020-04-29 17:11:34.700 INFO: cluster_sample: qlen=205 progress=29/100
pid[218349] 2020-04-29 17:11:34.726 INFO: cluster_sample: qlen=204 progress=30/100
pid[218349] 2020-04-29 17:11:34.754 INFO: cluster_sample: qlen=198 progress=31/100
pid[218349] 2020-04-29 17:11:34.779 INFO: cluster_sample: qlen=195 progress=32/100
pid[218349] 2020-04-29 17:11:34.805 INFO: cluster_sample: qlen=192 progress=33/100
pid[218349] 2020-04-29 17:11:34.832 INFO: cluster_sample: qlen=179 progress=34/100
pid[218349] 2020-04-29 17:11:34.858 INFO: cluster_sample: qlen=178 progress=35/100
pid[218349] 2020-04-29 17:11:34.885 INFO: cluster_sample: qlen=171 progress=36/100
pid[218349] 2020-04-29 17:11:34.911 INFO: cluster_sample: qlen=167 progress=37/100
pid[218349] 2020-04-29 17:11:34.938 INFO: cluster_sample: qlen=165 progress=38/100
pid[218349] 2020-04-29 17:11:34.964 INFO: cluster_sample: qlen=154 progress=39/100
pid[218349] 2020-04-29 17:11:34.991 INFO: cluster_sample: qlen=152 progress=40/100
pid[218349] 2020-04-29 17:11:35.017 INFO: cluster_sample: qlen=149 progress=41/100
pid[218349] 2020-04-29 17:11:35.042 INFO: cluster_sample: qlen=147 progress=42/100
pid[218349] 2020-04-29 17:11:35.067 INFO: cluster_sample: qlen=146 progress=43/100
pid[218349] 2020-04-29 17:11:35.092 INFO: cluster_sample: qlen=142 progress=44/100
pid[218349] 2020-04-29 17:11:35.118 INFO: cluster_sample: qlen=141 progress=45/100
pid[218349] 2020-04-29 17:11:35.143 INFO: cluster_sample: qlen=135 progress=46/100
pid[218349] 2020-04-29 17:11:35.170 INFO: cluster_sample: qlen=130 progress=47/100
pid[218349] 2020-04-29 17:11:35.195 INFO: cluster_sample: qlen=129 progress=48/100
pid[218349] 2020-04-29 17:11:35.222 INFO: cluster_sample: qlen=122 progress=49/100
pid[218349] 2020-04-29 17:11:35.247 INFO: cluster_sample: qlen=121 progress=50/100
pid[218349] 2020-04-29 17:11:35.272 INFO: cluster_sample: qlen=120 progress=51/100
pid[218349] 2020-04-29 17:11:35.297 INFO: cluster_sample: qlen=118 progress=52/100
pid[218349] 2020-04-29 17:11:35.322 INFO: cluster_sample: qlen=117 progress=53/100
pid[218349] 2020-04-29 17:11:35.347 INFO: cluster_sample: qlen=116 progress=54/100
pid[218349] 2020-04-29 17:11:35.371 INFO: cluster_sample: qlen=115 progress=55/100
pid[218349] 2020-04-29 17:11:35.396 INFO: cluster_sample: qlen=113 progress=56/100
pid[218349] 2020-04-29 17:11:35.421 INFO: cluster_sample: qlen=112 progress=57/100
pid[218349] 2020-04-29 17:11:35.446 INFO: cluster_sample: qlen=111 progress=58/100
pid[218349] 2020-04-29 17:11:35.471 INFO: cluster_sample: qlen=110 progress=59/100
pid[218349] 2020-04-29 17:11:35.497 INFO: cluster_sample: qlen=109 progress=60/100
pid[218349] 2020-04-29 17:11:35.524 INFO: cluster_sample: qlen=101 progress=61/100
pid[218349] 2020-04-29 17:11:35.547 INFO: cluster_sample: qlen=99 progress=62/100
pid[218349] 2020-04-29 17:11:35.572 INFO: cluster_sample: qlen=98 progress=63/100
pid[218349] 2020-04-29 17:11:35.596 INFO: cluster_sample: qlen=97 progress=64/100
pid[218349] 2020-04-29 17:11:35.620 INFO: cluster_sample: qlen=96 progress=65/100
pid[218349] 2020-04-29 17:11:35.644 INFO: cluster_sample: qlen=92 progress=66/100
pid[218349] 2020-04-29 17:11:35.668 INFO: cluster_sample: qlen=90 progress=67/100
pid[218349] 2020-04-29 17:11:35.692 INFO: cluster_sample: qlen=89 progress=68/100
pid[218349] 2020-04-29 17:11:35.716 INFO: cluster_sample: qlen=87 progress=69/100
pid[218349] 2020-04-29 17:11:35.740 INFO: cluster_sample: qlen=86 progress=70/100
pid[218349] 2020-04-29 17:11:35.765 INFO: cluster_sample: qlen=85 progress=71/100
pid[218349] 2020-04-29 17:11:35.789 INFO: cluster_sample: qlen=84 progress=72/100
pid[218349] 2020-04-29 17:11:35.814 INFO: cluster_sample: qlen=83 progress=73/100
pid[218349] 2020-04-29 17:11:35.840 INFO: cluster_sample: qlen=82 progress=74/100
pid[218349] 2020-04-29 17:11:35.863 INFO: cluster_sample: qlen=80 progress=75/100
pid[218349] 2020-04-29 17:11:35.888 INFO: cluster_sample: qlen=79 progress=76/100
pid[218349] 2020-04-29 17:11:35.912 INFO: cluster_sample: qlen=77 progress=77/100
pid[218349] 2020-04-29 17:11:35.936 INFO: cluster_sample: qlen=75 progress=78/100
pid[218349] 2020-04-29 17:11:35.961 INFO: cluster_sample: qlen=74 progress=79/100
pid[218349] 2020-04-29 17:11:35.984 INFO: cluster_sample: qlen=72 progress=80/100
pid[218349] 2020-04-29 17:11:36.008 INFO: cluster_sample: qlen=70 progress=81/100
pid[218349] 2020-04-29 17:11:36.033 INFO: cluster_sample: qlen=68 progress=82/100
pid[218349] 2020-04-29 17:11:36.058 INFO: cluster_sample: qlen=67 progress=83/100
pid[218349] 2020-04-29 17:11:36.083 INFO: cluster_sample: qlen=66 progress=84/100
pid[218349] 2020-04-29 17:11:36.107 INFO: cluster_sample: qlen=65 progress=85/100
pid[218349] 2020-04-29 17:11:36.132 INFO: cluster_sample: qlen=64 progress=86/100
pid[218349] 2020-04-29 17:11:36.157 INFO: cluster_sample: qlen=63 progress=87/100
pid[218349] 2020-04-29 17:11:36.181 INFO: cluster_sample: qlen=62 progress=88/100
pid[218349] 2020-04-29 17:11:36.204 INFO: cluster_sample: qlen=61 progress=89/100
pid[218349] 2020-04-29 17:11:36.228 INFO: cluster_sample: qlen=59 progress=90/100
pid[218349] 2020-04-29 17:11:36.253 INFO: cluster_sample: qlen=58 progress=91/100
pid[218349] 2020-04-29 17:11:36.276 INFO: cluster_sample: qlen=57 progress=92/100
pid[218349] 2020-04-29 17:11:36.299 INFO: cluster_sample: qlen=55 progress=93/100
pid[218349] 2020-04-29 17:11:36.324 INFO: cluster_sample: qlen=54 progress=94/100
pid[218349] 2020-04-29 17:11:36.348 INFO: cluster_sample: qlen=53 progress=95/100
pid[218349] 2020-04-29 17:11:36.372 INFO: cluster_sample: qlen=52 progress=96/100
pid[218349] 2020-04-29 17:11:36.396 INFO: cluster_sample: qlen=50 progress=97/100
pid[218349] 2020-04-29 17:11:36.420 INFO: cluster_sample: qlen=49 progress=98/100
pid[218349] 2020-04-29 17:11:36.443 INFO: cluster_sample: qlen=48 progress=99/100
pid[218349] 2020-04-29 17:11:36.468 INFO: perform_cluster: splitting clusters based on threshold = 0.9
pid[218349] 2020-04-29 17:11:38.108 INFO: perform_cluster: number of clusters = 120
pid[218349] 2020-04-29 17:11:38.111 INFO: perform_cluster: cid=cluster0 p=0.835234474017744 N=593
pid[218349] 2020-04-29 17:11:38.111 INFO: perform_cluster: cid=cluster1 p=0.8698419666374012 N=18
pid[218349] 2020-04-29 17:11:38.112 INFO: perform_cluster: cid=cluster2 p=0.7653701380175659 N=33
pid[218349] 2020-04-29 17:11:38.113 INFO: perform_cluster: cid=cluster3 p=0.7976545016353933 N=78
pid[218349] 2020-04-29 17:11:38.114 INFO: perform_cluster: cid=cluster4 p=0.7818226548386538 N=18
pid[218349] 2020-04-29 17:11:38.115 INFO: perform_cluster: cid=cluster5 p=0.8287497124453646 N=186
pid[218349] 2020-04-29 17:11:38.116 INFO: perform_cluster: cid=cluster6 p=0.9262295081967213 N=2
pid[218349] 2020-04-29 17:11:38.117 INFO: perform_cluster: cid=cluster7 p=0.8111922141119222 N=534
pid[218349] 2020-04-29 17:11:38.118 INFO: perform_cluster: cid=cluster8 p=0.8256965150771134 N=492
pid[218349] 2020-04-29 17:11:38.119 INFO: perform_cluster: cid=cluster9 p=0.8368450329688221 N=276
pid[218349] 2020-04-29 17:11:38.120 INFO: perform_cluster: cid=cluster10 p=0.7931255674262561 N=83
pid[218349] 2020-04-29 17:11:38.121 INFO: perform_cluster: cid=cluster11 p=0.8520326481603246 N=6
pid[218349] 2020-04-29 17:11:38.122 INFO: perform_cluster: cid=cluster12 p=0.8091494702619202 N=470
pid[218349] 2020-04-29 17:11:38.122 INFO: perform_cluster: cid=cluster13 p=1.0 N=1
pid[218349] 2020-04-29 17:11:38.123 INFO: perform_cluster: cid=cluster14 p=0.8314883148831488 N=262
pid[218349] 2020-04-29 17:11:38.124 INFO: perform_cluster: cid=cluster15 p=0.7949630506540224 N=412
pid[218349] 2020-04-29 17:11:38.125 INFO: perform_cluster: cid=cluster16 p=0.7747689507845639 N=68
pid[218349] 2020-04-29 17:11:38.126 INFO: perform_cluster: cid=cluster17 p=1.0 N=1
pid[218349] 2020-04-29 17:11:38.127 INFO: perform_cluster: cid=cluster18 p=0.8252025882108838 N=108
pid[218349] 2020-04-29 17:11:38.128 INFO: perform_cluster: cid=cluster19 p=0.8056248006477414 N=96
pid[218349] 2020-04-29 17:11:38.129 INFO: perform_cluster: cid=cluster20 p=0.9004449388209121 N=3
pid[218349] 2020-04-29 17:11:38.130 INFO: perform_cluster: cid=cluster21 p=0.9649122807017544 N=52
pid[218349] 2020-04-29 17:11:38.131 INFO: perform_cluster: cid=cluster22 p=0.9281754032258064 N=4
pid[218349] 2020-04-29 17:11:38.132 INFO: perform_cluster: cid=cluster23 p=1.0 N=1
pid[218349] 2020-04-29 17:11:38.133 INFO: perform_cluster: cid=cluster24 p=0.8246294886064085 N=11
pid[218349] 2020-04-29 17:11:38.133 INFO: perform_cluster: cid=cluster25 p=0.8201110185453492 N=112
pid[218349] 2020-04-29 17:11:38.134 INFO: perform_cluster: cid=cluster26 p=0.8094352243443523 N=63
pid[218349] 2020-04-29 17:11:38.135 INFO: perform_cluster: cid=cluster27 p=0.7900705570197095 N=58
pid[218349] 2020-04-29 17:11:38.136 INFO: perform_cluster: cid=cluster28 p=0.8181811693502341 N=7
pid[218349] 2020-04-29 17:11:38.137 INFO: perform_cluster: cid=cluster29 p=0.8850801155765695 N=11
pid[218349] 2020-04-29 17:11:38.138 INFO: perform_cluster: cid=cluster30 p=1.0 N=1
pid[218349] 2020-04-29 17:11:38.139 INFO: perform_cluster: cid=cluster31 p=1.0 N=1
pid[218349] 2020-04-29 17:11:38.140 INFO: perform_cluster: cid=cluster32 p=0.8019323671497585 N=5
pid[218349] 2020-04-29 17:11:38.141 INFO: perform_cluster: cid=cluster33 p=0.8541019705267913 N=139
pid[218349] 2020-04-29 17:11:38.141 INFO: perform_cluster: cid=cluster34 p=0.9641065830721003 N=6
pid[218349] 2020-04-29 17:11:38.142 INFO: perform_cluster: cid=cluster35 p=0.8455056179775281 N=178
pid[218349] 2020-04-29 17:11:38.143 INFO: perform_cluster: cid=cluster36 p=0.782824071300888 N=27
pid[218349] 2020-04-29 17:11:38.144 INFO: perform_cluster: cid=cluster37 p=0.8630491111538955 N=20
pid[218349] 2020-04-29 17:11:38.145 INFO: perform_cluster: cid=cluster38 p=0.8252275686824937 N=4
pid[218349] 2020-04-29 17:11:38.146 INFO: perform_cluster: cid=cluster39 p=0.8818326271186441 N=34
pid[218349] 2020-04-29 17:11:38.147 INFO: perform_cluster: cid=cluster40 p=0.8128707162953739 N=26
pid[218349] 2020-04-29 17:11:38.148 INFO: perform_cluster: cid=cluster41 p=1.0 N=1
pid[218349] 2020-04-29 17:11:38.149 INFO: perform_cluster: cid=cluster42 p=0.7673267326732673 N=25
pid[218349] 2020-04-29 17:11:38.150 INFO: perform_cluster: cid=cluster43 p=0.822483149290119 N=3
pid[218349] 2020-04-29 17:11:38.150 INFO: perform_cluster: cid=cluster44 p=0.8939882697947213 N=4
pid[218349] 2020-04-29 17:11:38.151 INFO: perform_cluster: cid=cluster45 p=0.8580323785803238 N=13
pid[218349] 2020-04-29 17:11:38.152 INFO: perform_cluster: cid=cluster46 p=0.8397485448195576 N=3
pid[218349] 2020-04-29 17:11:38.153 INFO: perform_cluster: cid=cluster47 p=0.8286456706963465 N=38
pid[218349] 2020-04-29 17:11:38.154 INFO: perform_cluster: cid=cluster48 p=0.800578034682081 N=2
pid[218349] 2020-04-29 17:11:38.155 INFO: perform_cluster: cid=cluster49 p=0.8419484755691653 N=35
pid[218349] 2020-04-29 17:11:38.156 INFO: perform_cluster: cid=cluster50 p=0.813617496807152 N=54
pid[218349] 2020-04-29 17:11:38.157 INFO: perform_cluster: cid=cluster51 p=0.7426725652059366 N=26
pid[218349] 2020-04-29 17:11:38.158 INFO: perform_cluster: cid=cluster52 p=0.836984375 N=108
pid[218349] 2020-04-29 17:11:38.158 INFO: perform_cluster: cid=cluster53 p=1.0 N=1
pid[218349] 2020-04-29 17:11:38.159 INFO: perform_cluster: cid=cluster54 p=0.8703525641025641 N=4
pid[218349] 2020-04-29 17:11:38.160 INFO: perform_cluster: cid=cluster55 p=0.8244654042767658 N=10
pid[218349] 2020-04-29 17:11:38.161 INFO: perform_cluster: cid=cluster56 p=0.8157778445950872 N=59
pid[218349] 2020-04-29 17:11:38.162 INFO: perform_cluster: cid=cluster57 p=0.823522197092718 N=51
pid[218349] 2020-04-29 17:11:38.163 INFO: perform_cluster: cid=cluster58 p=0.8120210167521422 N=19
pid[218349] 2020-04-29 17:11:38.164 INFO: perform_cluster: cid=cluster59 p=0.7784639892166774 N=7
pid[218349] 2020-04-29 17:11:38.165 INFO: perform_cluster: cid=cluster60 p=0.9423076923076923 N=2
pid[218349] 2020-04-29 17:11:38.166 INFO: perform_cluster: cid=cluster61 p=1.0 N=1
pid[218349] 2020-04-29 17:11:38.166 INFO: perform_cluster: cid=cluster62 p=0.8 N=37
pid[218349] 2020-04-29 17:11:38.167 INFO: perform_cluster: cid=cluster63 p=0.8113440197287299 N=17
pid[218349] 2020-04-29 17:11:38.168 INFO: perform_cluster: cid=cluster64 p=0.8133090689060838 N=30
pid[218349] 2020-04-29 17:11:38.169 INFO: perform_cluster: cid=cluster65 p=0.816354203420456 N=19
pid[218349] 2020-04-29 17:11:38.170 INFO: perform_cluster: cid=cluster66 p=0.9297441364605543 N=6
pid[218349] 2020-04-29 17:11:38.171 INFO: perform_cluster: cid=cluster67 p=0.8225 N=165
pid[218349] 2020-04-29 17:11:38.172 INFO: perform_cluster: cid=cluster68 p=1.0 N=1
pid[218349] 2020-04-29 17:11:38.173 INFO: perform_cluster: cid=cluster69 p=0.7739569899636903 N=4
pid[218349] 2020-04-29 17:11:38.174 INFO: perform_cluster: cid=cluster70 p=0.7423997936928972 N=8
pid[218349] 2020-04-29 17:11:38.174 INFO: perform_cluster: cid=cluster71 p=0.8202614379084967 N=5
pid[218349] 2020-04-29 17:11:38.175 INFO: perform_cluster: cid=cluster72 p=0.7744566567312469 N=14
pid[218349] 2020-04-29 17:11:38.176 INFO: perform_cluster: cid=cluster73 p=1.0 N=1
pid[218349] 2020-04-29 17:11:38.177 INFO: perform_cluster: cid=cluster74 p=0.9055944055944056 N=2
pid[218349] 2020-04-29 17:11:38.178 INFO: perform_cluster: cid=cluster75 p=0.7866063992617103 N=4
pid[218349] 2020-04-29 17:11:38.179 INFO: perform_cluster: cid=cluster76 p=1.0 N=1
pid[218349] 2020-04-29 17:11:38.180 INFO: perform_cluster: cid=cluster77 p=0.9270833333333334 N=2
pid[218349] 2020-04-29 17:11:38.181 INFO: perform_cluster: cid=cluster78 p=0.7912932138284251 N=5
pid[218349] 2020-04-29 17:11:38.182 INFO: perform_cluster: cid=cluster79 p=0.828996282527881 N=29
pid[218349] 2020-04-29 17:11:38.182 INFO: perform_cluster: cid=cluster80 p=0.9651515151515151 N=3
pid[218349] 2020-04-29 17:11:38.183 INFO: perform_cluster: cid=cluster81 p=0.8043478260869565 N=13
pid[218349] 2020-04-29 17:11:38.184 INFO: perform_cluster: cid=cluster82 p=0.785098065646694 N=48
pid[218349] 2020-04-29 17:11:38.185 INFO: perform_cluster: cid=cluster83 p=1.0 N=1
pid[218349] 2020-04-29 17:11:38.186 INFO: perform_cluster: cid=cluster84 p=0.8510815590776137 N=18
pid[218349] 2020-04-29 17:11:38.187 INFO: perform_cluster: cid=cluster85 p=0.8584869240348691 N=6
pid[218349] 2020-04-29 17:11:38.188 INFO: perform_cluster: cid=cluster86 p=1.0 N=1
pid[218349] 2020-04-29 17:11:38.189 INFO: perform_cluster: cid=cluster87 p=1.0 N=1
pid[218349] 2020-04-29 17:11:38.189 INFO: perform_cluster: cid=cluster88 p=1.0 N=1
pid[218349] 2020-04-29 17:11:38.190 INFO: perform_cluster: cid=cluster89 p=0.870916595054526 N=4
pid[218349] 2020-04-29 17:11:38.191 INFO: perform_cluster: cid=cluster90 p=0.9117647058823529 N=2
pid[218349] 2020-04-29 17:11:38.192 INFO: perform_cluster: cid=cluster91 p=1.0 N=1
pid[218349] 2020-04-29 17:11:38.193 INFO: perform_cluster: cid=cluster92 p=1.0 N=1
pid[218349] 2020-04-29 17:11:38.194 INFO: perform_cluster: cid=cluster93 p=0.9741379310344828 N=2
pid[218349] 2020-04-29 17:11:38.195 INFO: perform_cluster: cid=cluster94 p=0.7471498457377118 N=3
pid[218349] 2020-04-29 17:11:38.196 INFO: perform_cluster: cid=cluster95 p=0.8341902313624678 N=5
pid[218349] 2020-04-29 17:11:38.196 INFO: perform_cluster: cid=cluster96 p=0.9426807760141094 N=3
pid[218349] 2020-04-29 17:11:38.197 INFO: perform_cluster: cid=cluster97 p=0.8686335403726708 N=2
pid[218349] 2020-04-29 17:11:38.198 INFO: perform_cluster: cid=cluster98 p=0.8074542818911685 N=4
pid[218349] 2020-04-29 17:11:38.199 INFO: perform_cluster: cid=cluster99 p=0.9526515151515151 N=6
pid[218349] 2020-04-29 17:11:38.200 INFO: perform_cluster: cid=cluster100 p=0.7867007672634271 N=10
pid[218349] 2020-04-29 17:11:38.201 INFO: perform_cluster: cid=cluster101 p=0.8734875444839858 N=3
pid[218349] 2020-04-29 17:11:38.202 INFO: perform_cluster: cid=cluster102 p=1.0 N=1
pid[218349] 2020-04-29 17:11:38.202 INFO: perform_cluster: cid=cluster103 p=0.7526074589127687 N=28
pid[218349] 2020-04-29 17:11:38.203 INFO: perform_cluster: cid=cluster104 p=0.8045977011494253 N=4
pid[218349] 2020-04-29 17:11:38.204 INFO: perform_cluster: cid=cluster105 p=0.8968041237113401 N=6
pid[218349] 2020-04-29 17:11:38.205 INFO: perform_cluster: cid=cluster106 p=0.9222747497219131 N=10
pid[218349] 2020-04-29 17:11:38.206 INFO: perform_cluster: cid=cluster107 p=0.868 N=9
pid[218349] 2020-04-29 17:11:38.207 INFO: perform_cluster: cid=cluster108 p=0.8706756913108874 N=3
pid[218349] 2020-04-29 17:11:38.207 INFO: perform_cluster: cid=cluster109 p=0.751090614120542 N=3
pid[218349] 2020-04-29 17:11:38.208 INFO: perform_cluster: cid=cluster110 p=0.773501312486461 N=15
pid[218349] 2020-04-29 17:11:38.209 INFO: perform_cluster: cid=cluster111 p=0.8918918918918919 N=5
pid[218349] 2020-04-29 17:11:38.210 INFO: perform_cluster: cid=cluster112 p=0.77524893314367 N=3
pid[218349] 2020-04-29 17:11:38.211 INFO: perform_cluster: cid=cluster113 p=0.7992830798557872 N=7
pid[218349] 2020-04-29 17:11:38.212 INFO: perform_cluster: cid=cluster114 p=0.8221311801439879 N=11
pid[218349] 2020-04-29 17:11:38.213 INFO: perform_cluster: cid=cluster115 p=0.8646676185943202 N=3
pid[218349] 2020-04-29 17:11:38.213 INFO: perform_cluster: cid=cluster116 p=1.0 N=1
pid[218349] 2020-04-29 17:11:38.214 INFO: perform_cluster: cid=cluster117 p=1.0 N=1
pid[218349] 2020-04-29 17:11:38.215 INFO: perform_cluster: cid=cluster118 p=0.7705018359853121 N=2
pid[218349] 2020-04-29 17:11:38.216 INFO: perform_cluster: cid=cluster119 p=0.7818627450980392 N=5
pid[218349] 2020-04-29 17:11:38.217 INFO: perform_cluster: splitting on cid=cluster0 0/120
pid[218349] 2020-04-29 17:11:38.220 INFO: cluster_compute: computing pairwise distance matrix
pid[218349] 2020-04-29 17:11:38.221 INFO: processing block 0,0 0/3.0
pid[218349] 2020-04-29 17:11:38.588 INFO: processing block 0,1 1/3.0
pid[218349] 2020-04-29 17:11:38.924 INFO: processing block 1,1 2/3.0
pid[218349] 2020-04-29 17:11:39.928 INFO: preparing precomputed data
pid[218349] 2020-04-29 17:11:40.145 INFO: cluster_compute: running optics
pid[218349] 2020-04-29 17:11:40.145 INFO: Running OPTICS
pid[218349] 2020-04-29 17:11:40.147 INFO: max_eps = 0.5
pid[218349] 2020-04-29 17:11:40.147 INFO: clust_OPTICS: iter=0 using min_samples=297
pid[218349] 2020-04-29 17:11:40.178 INFO: clust_OPTICS: clusters=0 outliers=593 delta=148.5
pid[218349] 2020-04-29 17:11:40.178 INFO: clust_OPTICS: iter=1 using min_samples=149
pid[218349] 2020-04-29 17:11:40.188 INFO: clust_OPTICS: clusters=2 outliers=380 delta=148
pid[218349] 2020-04-29 17:11:40.188 INFO: clust_OPTICS: iter=2 using min_samples=75
pid[218349] 2020-04-29 17:11:40.200 INFO: clust_OPTICS: clusters=1 outliers=35 delta=74
pid[218349] 2020-04-29 17:11:40.200 INFO: clust_OPTICS: iter=3 using min_samples=186
pid[218349] 2020-04-29 17:11:40.210 INFO: clust_OPTICS: clusters=2 outliers=380 delta=37
pid[218349] 2020-04-29 17:11:40.210 INFO: clust_OPTICS: iter=4 using min_samples=241
pid[218349] 2020-04-29 17:11:40.220 INFO: clust_OPTICS: clusters=1 outliers=509 delta=-55
pid[218349] 2020-04-29 17:11:40.220 INFO: clust_OPTICS: iter=5 using min_samples=158
pid[218349] 2020-04-29 17:11:40.230 INFO: clust_OPTICS: clusters=2 outliers=380 delta=-28
pid[218349] 2020-04-29 17:11:40.230 INFO: clust_OPTICS: iter=6 using min_samples=117
pid[218349] 2020-04-29 17:11:40.240 INFO: clust_OPTICS: clusters=1 outliers=83 delta=41
pid[218349] 2020-04-29 17:11:40.240 INFO: clust_OPTICS: iter=7 using min_samples=178
pid[218349] 2020-04-29 17:11:40.250 INFO: clust_OPTICS: clusters=2 outliers=380 delta=20
pid[218349] 2020-04-29 17:11:40.250 INFO: clust_OPTICS: iter=8 using min_samples=208
pid[218349] 2020-04-29 17:11:40.260 INFO: clust_OPTICS: clusters=1 outliers=509 delta=-30
pid[218349] 2020-04-29 17:11:40.260 INFO: clust_OPTICS: iter=9 using min_samples=163
pid[218349] 2020-04-29 17:11:40.269 INFO: clust_OPTICS: clusters=2 outliers=380 delta=-15
